100042,2	2.663090128755364
101,2	2.6572960082944532
101299,2	2.674603174603173
102899,2	2.654490106544901
105,2	2.6627790443257795
106646,2	2.6541642623581554
107846,2	2.64893617021276
109418,2	2.653333333333331
11,2	2.6562341493252166
110415,2	2.654822335025382
111,2	2.65603423525185
1124,2	2.6618888076194036
115,2	2.663953882672094
118,2	2.661736830841663
118340,2	2.6436781609195377
119450,2	2.6851851851851842
12,2	2.6294710822269867
120,2	2.662529936860445
121,2	2.6675599510820485
122,2	2.650040019358203
123553,2	2.6547049441786306
124905,2	2.6877637130801704
1250,2	2.6535200649501287
1265,2	2.648894528235461
1267,2	2.659290103891865
1271,2	2.658392307558553
1272,2	2.655047825819799
127585,2	2.6557291666666685
128,2	2.6692200557103103
129,2	2.658894933570182
13,2	2.6495575003384886
131634,2	2.6719576719576725
134374,2	2.647476213513949
134411,2	2.6788321167883185
1370,2	2.640279024953196
1372,2	2.642480848346131
14,2	2.650681535031641
1417,2	2.6673334375162754
1422,2	2.65193108434937
1427,2	2.6486598687112406
146216,2	2.7096774193548376
147441,2	2.6649807321772614
1487,2	2.6573428730031465
1493,2	2.6653200745804853
1495,2	2.6402022726746743
150540,2	2.665418227215985
152601,2	2.646417445482866
1535,2	2.6699711513244173
153518,2	2.666666666666665
1538,2	2.6485270049099876
155,2	2.666173278073811
1571,2	2.671901048668996
1572,2	2.663803299097416
1573,2	2.6408723076164944
157336,2	2.671568627450979
157350,2	2.6555863342566877
1577,2	2.664209115281502
1579,2	2.661356395084203
1581,2	2.6543183018926566
1584,2	2.6465504334683208
1586,2	2.645768406066339
158852,2	2.640350877192987
1593,2	2.6624247537069117
1597,2	2.6473355228518596
161,2	2.653021563928362
162,2	2.6634122809859644
1624,2	2.6742082164868464
163,2	2.644876831164577
1635,2	2.666431658645739
1639,2	2.6565969077632254
165,2	2.6448241826962935
1656,2	2.6699953909970824
168672,2	2.6666666666666665
1701,2	2.6627564551030685
170687,2	2.745098039215685
1724,2	2.669403112707371
1726,2	2.648684390364628
1734,2	2.668898976474447
1735,2	2.662865408849681
1738,2	2.6597014925373084
173897,2	2.6349206349206344
1771,2	2.6515634486945956
18,2	2.6458216968112582
180,2	2.648435135837543
1824,2	2.656890598365319
1830,2	2.6739130434782665
1844,2	2.6667393701455278
1858,2	2.6394064080150215
1865,2	2.6669492163954236
187,2	2.664232330654082
189,2	2.6613044197198366
1891,2	2.6578443877550995
1892,2	2.658603371848868
1893,2	2.6728306637148926
1894,2	2.651257272876745
1895,2	2.655126675687288
19,2	2.6383664219976546
1903,2	2.6625465178096808
1904,2	2.6661212940348906
1907,2	2.647754537717065
1911,2	2.6407676167706438
1924,2	2.6491647947151464
1927,2	2.6569813404953484
1930,2	2.6667225575676303
1949,2	2.6650084852253473
196,2	2.6438185017080524
1966,2	2.6683829575660236
197,2	2.665053078556265
1979,2	2.650065530799474
1995,2	2.650909223624305
1996,2	2.651789890268035
2024,2	2.666452996525881
2034,2	2.6457638761513227
2048,2	2.650013653741127
2059,2	2.65383704405495
2062,2	2.6714978054133094
207,2	2.662066029200449
2080,2	2.6513170595849593
2109,2	2.6548792885421206
2112,2	2.6662871224030233
2114,2	2.660876157416067
2118,2	2.6547010189908025
2123,2	2.6475204723818857
2133,2	2.654306697163127
2135,2	2.6539196781114063
2164,2	2.651781686964361
217,2	2.6586270077742387
22,2	2.654078840177083
2252,2	2.6579320783274984
2253,2	2.6455073479167193
2268,2	2.65527926236165
2270,2	2.661091018685953
2277,2	2.6666666666666665
2289,2	2.66471477850545
2300,2	2.657959004332544
2310,2	2.663936981338728
2395,2	2.6567438536453776
24,2	2.648531816184149
240,2	2.6550842565357233
242,2	2.6671191476283207
2454,2	2.647923650141562
2486,2	2.665540833116827
25,2	2.659139021183923
2501,2	2.658667431229188
2502,2	2.648948125178074
2503,2	2.663150366529591
254,2	2.6662393466752174
2567,2	2.652579437799174
2649,2	2.653843383041567
2655,2	2.653542878894993
2668,2	2.6472537120848334
2675,2	2.666537667698657
268,2	2.665441033422824
2698,2	2.6548523206751042
27022,2	2.6525863535817575
272,2	2.6650263662015203
27205,2	2.6648967551622373
274,2	2.651734671612481
2756,2	2.650166122232463
27576,2	2.6585980837115537
277,2	2.6546805398931346
2770,2	2.650576029393228
278,2	2.6637108387247914
2787,2	2.653824395649261
2789,2	2.6515709993409953
28,2	2.670982521148403
280,2	2.66172171963999
285,2	2.6594742700573675
2898,2	2.6540263023471304
296,2	2.6531299317017325
297,2	2.6584081299606854
2978,2	2.6579754711941757
298,2	2.6650453652605064
3050,2	2.664495835548471
310,2	2.6511700468018775
31011,2	2.6624472573839597
3131,2	2.6628721541155813
314,2	2.6658023490916922
320,2	2.663486046663619
32657,2	2.657269315885696
329,2	2.6460473291907953
330,2	2.6490059221658186
331,2	2.6720890783350026
345,2	2.658934436054178
348,2	2.664113628043387
35,2	2.673048075740811
350,2	2.6539578340043533
3563,2	2.644034490352524
3580,2	2.6720530998053897
364,2	2.647763649904276
3683,2	2.6615353657309546
38,2	2.6572051065496503
380,2	2.6465449637592786
388,2	2.6687086736678305
393,2	2.6355919497145535
3933,2	2.6519337016574585
395,2	2.6653333333333316
3981,2	2.6428875867136274
402,2	2.65498652291105
411,2	2.6531760922004866
4133,2	2.6408171997005057
414,2	2.6503551638216334
4147,2	2.6630027479390432
415,2	2.650859669492469
423,2	2.646533901150358
424,2	2.6536653497745295
4248,2	2.651554932241809
425,2	2.6712472189504006
4256,2	2.6666434540389976
4327,2	2.6528323951526147
435,2	2.6434636960952784
44115,2	2.644958583261923
4442,2	2.646287025448477
44943,2	2.6564870259481013
4523,2	2.664016998835172
453,2	2.6550052169643403
4547,2	2.6678481532850484
49013,2	2.646610452098518
4922,2	2.656742697078832
4935,2	2.6576659038901553
4944,2	2.652239611440906
49524,2	2.6567296477723357
49530,2	2.6471027532687756
497,2	2.6592027492887467
4982,2	2.654402463839852
503,2	2.667050514355913
50619,2	2.660924660924665
508,2	2.655188638891263
509,2	2.659535581691917
51540,2	2.6515320687686357
5174,2	2.663373644467155
5175,2	2.6663248564397084
5176,2	2.6647916666666647
524,2	2.653465070930555
5255,2	2.649632376862515
534,2	2.6663682682201206
550,2	2.657452892440798
5503,2	2.6680797869449373
5559,2	2.665767891248177
55721,2	2.649490659618071
558,2	2.6432118101839523
559,2	2.659843732805114
561,2	2.664528756398673
562,2	2.662205732738768
563,2	2.6648511015166614
564,2	2.6533015687508454
565,2	2.6560945759445915
568,2	2.666966572081112
58,2	2.67243388886366
584,2	2.667990074441687
585,2	2.650799480294498
58595,2	2.666924465068324
587,2	2.650082812021503
588,2	2.649152653672264
591,2	2.658386028304727
5915,2	2.655630211284706
594,2	2.648103221153395
597,2	2.6503766457032536
600,2	2.654243345876938
602,2	2.6680091012514238
603,2	2.6592156285279516
604,2	2.6694101508916366
605,2	2.686395151172259
607,2	2.6677908937605324
608,2	2.650814684420077
6114,2	2.6564999999999976
612,2	2.651027062275845
616,2	2.6511018680050107
620,2	2.6637355479563554
62213,2	2.6458333333333286
62764,2	2.6522275700357865
6278,2	2.662467506498703
628,2	2.6800856109831797
63,2	2.6361012442747778
637,2	2.62486381901408
640,2	2.6458924717464547
6415,2	2.66450590607894
644,2	2.670924574209255
6477,2	2.665229756024549
6479,2	2.6579697106012876
65,2	2.632850799168919
652,2	2.66097332709405
6637,2	2.648823377295063
664,2	2.6593039740247844
671,2	2.64305178144388
672,2	2.66742366893767
673,2	2.6325963032947675
674,2	2.649480026094629
675,2	2.659912952123666
676,2	2.6560170394036153
679,2	2.6679090570257245
6795,2	2.6552944962986866
680,2	2.659414250413066
693,2	2.670176978206812
694,2	2.6339358742200374
6947,2	2.6468558713777366
6957,2	2.647161496659657
6972,2	2.661222780569516
6977,2	2.6515791837651355
70,2	2.6436157637701436
710,2	2.6362606837606832
7131,2	2.666333915647615
714,2	2.6580056352837795
7191,2	2.6611777244870862
72559,2	2.659578335150848
73,2	2.659571368384577
7350,2	2.6627051499717114
7364,2	2.6570957095709575
74,2	2.651585597867557
7443,2	2.660998473948127
7446,2	2.6498402555910476
745,2	2.65075804278832
7451,2	2.650576054969856
7453,2	2.653703865536425
7459,2	2.6519090170592987
7484,2	2.6616260162601635
7485,2	2.6573732907557486
75,2	2.644917869847249
752,2	2.6669283097854524
754,2	2.6562290359496465
76163,2	2.661971830985919
767,2	2.665287290715371
769,2	2.6685476685476757
771,2	2.6631441223832484
772,2	2.661108464348098
77931,2	2.6569390402075173
78,2	2.655356124796037
782,2	2.6430918067303164
7840,2	2.6598884264076754
786,2	2.584063793523258
787,2	2.6680552152250296
788,2	2.589694810601999
7980,2	2.6515997499502726
80321,2	2.663216011042092
807,2	2.6633503099214355
808,2	2.643005039165795
809,2	2.6405504869419087
810,2	2.6325455819784627
812,2	2.649796393251887
818,2	2.644312674401526
82,2	2.6701254495045124
8202,2	2.663955064884763
824,2	2.6654174015285084
82682,2	2.6654600301659053
82703,2	2.653455284552843
8273,2	2.6612987556206193
834,2	2.638997615512669
8363,2	2.6458575233932136
8367,2	2.6588836365372686
8373,2	2.6509550602405096
8452,2	2.660615229450329
8487,2	2.6622231934731935
8488,2	2.6583587656832863
85,2	2.666770867058908
853,2	2.6602580534905584
854,2	2.662012868762902
855,2	2.6620142309797497
856,2	2.6635791033716187
857,2	2.658570524984184
8584,2	2.6632334260308306
8587,2	2.665568167948248
861,2	2.6407576659369756
8619,2	2.6649009963425465
862,2	2.668786711790562
8645,2	2.6599981718225596
8656,2	2.6592444147554377
8681,2	2.6612886217441694
869,2	2.6627374457409103
8698,2	2.664114018293981
87,2	2.6496790407334516
8741,2	2.667346014492748
879,2	2.6455732529774707
8839,2	2.6528134818623235
8844,2	2.6605591235360806
8871,2	2.6555747126436815
89,2	2.6500333558837905
8909,2	2.662351672060412
8916,2	2.656950829852661
8920,2	2.6670833333333293
8960,2	2.6620530565167226
8961,2	2.6457153145367416
8966,2	2.6585240942331074
9008,2	2.6545415411106394
9016,2	2.653989560029826
920,2	2.6560668381320265
921,2	2.662058995285505
929,2	2.664188661801596
944,2	2.6634630053394384
949,2	2.665644727759329
95,2	2.628505452086424
950,2	2.6628142723689057
953,2	2.6562817773880276
954,2	2.659990980685089
955,2	2.662377641057457
956,2	2.6681656473597957
98,2	2.6568948773974226
98566,2	2.6666666666666647
99861,2	2.6607422895974833
